1484	3
1495	1
1503	1
1525	3
1536	5
1547	10
1550	29
1558	6
1561	13
1569	8
1572	10
1583	31
1594	39
1602	53
1613	94
1624	113
1635	140
1646	592
1657	399
1660	803
1668	282
1671	375
1679	629
1682	605
1693	503
1701	434
1709	399
1712	563
1723	400
1734	456
1745	549
1756	576
1767	744
1770	965
1778	865
1781	746
1789	1223
1792	1840
1800	3495
1808	2733
1811	2668
1819	3498
1822	2012
1833	2664
1844	3276
1855	3564
1866	3819
1877	4267
1880	5052
1888	5917
1891	6056
1899	7851
1907	8653
1910	9568
1918	8897
1921	9374
1929	13205
1932	11669
1943	11520
1954	15990
1965	26094
1976	44437
1987	52218
1990	54333
1998	63422
2001	58489
2009	59995
2012	38903
2911	1
2919	1
null	8475
1009	1
1070	1
1078	1
1397	1
1496	2
1504	1
1515	5
1526	6
1537	2
1540	13
1548	42
1551	16
1559	11
1562	17
1573	13
1584	27
1595	42
1603	73
1614	80
1625	104
1636	131
1647	793
1650	440
1658	389
1661	520
1669	297
1672	363
1683	564
1694	442
1702	397
1713	538
1724	404
1735	555
1746	479
1757	649
1760	852
1768	740
1771	860
1779	898
1782	812
1793	1932
1801	1950
1809	2534
1812	3043
1823	1970
1834	2488
1845	3437
1856	4092
1867	3782
1870	4406
1878	4369
1881	4902
1889	5790
1892	6541
1900	8369
1908	8798
1911	9823
1919	9524
1922	10340
1933	10605
1944	11796
1955	15851
1966	27263
1977	43055
1980	45628
1988	54174
1991	55654
1999	60414
2002	58924
2013	2783
2208	2
9999	98
1428	1
1486	1
1497	1
1505	5
1516	4
1527	3
1530	8
1538	7
1541	3
1549	17
1552	10
1563	8
1574	20
1585	34
1596	51
1604	80
1615	89
1626	75
1637	141
1640	199
1648	960
1651	334
1659	765
1662	427
1673	375
1684	455
1695	588
1703	340
1714	547
1725	478
1736	504
1747	529
1750	649
1758	602
1761	606
1769	825
1772	868
1783	907
1794	2113
1802	2112
1813	2898
1824	2166
1835	2666
1846	3478
1857	3480
1860	4274
1868	4104
1871	4050
1879	4596
1882	5172
1893	6833
1901	7632
1909	9305
1912	10325
1923	11039
1934	11394
1945	12524
1956	16938
1967	28459
1970	33123
1978	43789
1981	42531
1989	52797
1992	57000
2003	57367
2014	4
2102	1
2300	1
2971	1
1025	1
1476	1
1490	1
1506	2
1517	1
1520	1
1528	2
1531	2
1539	8
1542	15
1553	9
1564	3
1575	22
1586	39
1597	47
1605	59
1616	95
1627	74
1630	126
1638	149
1641	816
1649	584
1652	319
1663	363
1674	365
1685	535
1696	531
1704	451
1715	450
1726	457
1737	440
1740	569
1748	494
1751	545
1759	550
1762	547
1773	943
1784	982
1795	2274
1803	2236
1814	3036
1825	2248
1836	2836
1847	3437
1850	4463
1858	3184
1861	3233
1869	4107
1872	4064
1883	5357
1894	6299
1902	7616
1913	10110
1924	11712
1935	12389
1946	14162
1957	17724
1960	21043
1968	30186
1971	33459
1979	46763
1982	45769
1993	68045
2004	58726
9171	1
1004	1
1040	1
1400	1
1491	1
1499	1
1507	1
1510	1
1518	1
1521	3
1529	1
1532	8
1543	7
1554	11
1565	12
1576	19
1587	25
1590	34
1598	50
1606	96
1617	77
1620	105
1628	114
1631	132
1639	126
1642	1237
1653	384
1664	321
1675	413
1686	343
1697	519
1705	397
1716	402
1727	532
1730	566
1738	434
1741	542
1749	539
1752	478
1763	639
1774	1088
1785	1131
1796	2250
1804	2259
1815	2999
1826	1920
1837	2657
1840	3202
1848	3717
1851	3485
1859	3687
1862	3156
1873	4087
1884	5541
1895	7137
1903	7686
1914	10243
1925	11862
1936	12529
1947	14628
1950	15093
1958	18235
1961	21792
1969	31568
1972	40083
1983	46826
1994	72115
2005	54460
5770	1
1478	1
1481	1
1500	1
1519	1
1533	4
1544	2
1555	14
1566	12
1577	18
1580	31
1588	32
1591	24
1599	60
1607	94
1610	85
1618	81
1621	81
1629	95
1632	112
1643	662
1654	363
1665	298
1676	399
1687	438
1690	574
1698	574
1706	388
1717	503
1720	616
1728	492
1731	482
1739	544
1742	591
1753	628
1764	616
1775	1071
1786	1136
1797	1904
1805	2184
1816	3256
1827	1953
1830	2748
1838	2800
1841	2965
1849	3342
1852	3919
1863	3233
1874	4139
1885	5329
1896	6965
1904	8151
1915	10046
1926	12395
1937	12977
1940	13899
1948	14166
1951	14952
1959	18705
1962	22173
1973	37706
1984	48106
1995	72852
2006	27480
2020	2
1394	1
1482	1
1493	1
1509	4
1512	1
1534	4
1545	4
1556	13
1567	10
1570	20
1578	32
1581	37
1589	39
1592	30
1600	43
1608	91
1611	91
1619	83
1622	132
1633	151
1644	371
1655	356
1666	177
1677	376
1680	772
1688	639
1691	487
1699	529
1707	390
1710	578
1718	442
1721	536
1729	510
1732	604
1743	546
1754	582
1765	680
1776	1017
1787	1252
1790	1367
1798	2033
1806	2449
1817	3280
1820	2207
1828	2201
1831	2554
1839	3086
1842	2881
1853	3713
1864	3736
1875	4245
1886	5496
1897	6903
1905	8000
1916	9906
1927	12785
1930	13668
1938	12888
1941	13199
1949	14107
1952	15156
1963	22775
1974	41348
1985	49761
1996	70580
2007	39034
2010	59722
2032	1
0	2
1483	2
1513	3
1524	2
1535	10
1546	5
1557	11
1560	19
1568	8
1571	14
1579	24
1582	19
1593	29
1601	51
1609	97
1612	105
1623	92
1634	123
1645	464
1656	390
1667	253
1670	379
1678	408
1681	685
1689	755
1692	474
1700	750
1708	359
1711	497
1719	455
1722	473
1733	573
1744	527
1755	597
1766	823
1777	998
1780	844
1788	1272
1791	1559
1799	2091
1807	2551
1810	2763
1818	3602
1821	1769
1829	2151
1832	2626
1843	2743
1854	3800
1865	3785
1876	4729
1887	5711
1890	6344
1898	7356
1906	8093
1917	9610
1920	10659
1928	13044
1931	12777
1939	13263
1942	12152
1953	15804
1964	23822
1975	52967
1986	50477
1997	63440
2000	60975
2008	62889
2011	54825
921	2
